adjacency_recall:1.0
adjacency_precision:0.4889795918367347
adjacency_fscore:0.656798245614035
orientation_recall:0.8747913188647746
orientation_precision:0.42775510204081635
orientation_fscore:0.5745614035087719
causal_accuracy:0.8747913188647746
shd:701
nnz:1225
